13.658701753270261	5.985010877453876	1
0.17403017587670044	7.412425556326577	-1
6.882357208316748	1.9936903925748983	1
5.043030534608002	15.930172437374699	-1
4.331876418427074	2.0744079786227942	1
5.547017437933315	12.84426596895156	-1
4.146903931744013	6.88694586741633	-1
11.307546225756289	17.290041058022947	-1
2.7182062129558204	17.095755371214427	-1
17.508367769979248	9.701591299092975	1
4.869892971320313	1.4219816505273575	1
12.815723198596041	19.997588261647966	-1
11.678593215365606	9.224951142123912	1
10.711391703094664	4.305177054703893	1
8.192782519281476	17.397354187332624	-1
2.6077973821994838	16.364414061851352	-1
